// Data set for ukernel-vvadd

int dataset_sz = 1000;

//int src0[] __attribute__ ((aligned (32))) = {
int src0[] = {
  16807,
  1622650073,
  1144108930,
  101027544,
  1458777923,
  823564440,
  1784484492,
  114807987,
  1441282327,
  823378840,
  896544303,
  1264817709,
  1817129560,
  197493099,
  893351816,
  1954899097,
  563613512,
  1580723810,
  1358580979,
  2128236579,
  530511967,
  1551901393,
  1399125485,
  1356425228,
  585640194,
  1646035001,
  510616708,
  771515668,
  1044788124,
  1952509530,
  1942727722,
  1108728549,
  2118797801,
  571540977,
  2035308228,
  1075260298,
  595028635,
  1137623865,
  2020739063,
  1635339425,
  1777724115,
  34075629,
  1864546517,
  1581030105,
  2146319451,
  500782188,
  753799505,
  1269406752,
  884936716,
  578354438,
  1153851501,
  616783871,
  330111137,
  1723153177,
  1147722294,
  2051621609,
  1190959745,
  1341853635,
  343098142,
  1534827968,
  195400260,
  6441594,
  57716395,
  2014119113,
  388471006,
  1904797942,
  322842082,
  828530767,
  1073185695,
  1260973671,
  1267248590,
  1194314738,
  2111631616,
  304555640,
  541437335,
  996497972,
  270649095,
  685583454,
  272112289,
  1334948905,
  532236123,
  836045813,
  60935238,
  915896220,
  2034712366,
  281725226,
  197941363,
  152607844,
  543436550,
  1681808623,
  750597385,
  1737195272,
  1399399247,
  1459413496,
  537140623,
  1012028144,
  1289335735,
  1623161625,
  2043046042,
  943454679,
  1479575244,
  2119878818,
  1828087692,
  1154112991,
  222122669,
  1238489553,
  944975825,
  1866729662,
  1719533808,
  1592822761,
  1902737335,
  994977995,
  1532062767,
  1433829874,
  428540556,
  1859468872,
  1168120094,
  967113755,
  462851407,
  678030193,
  1893015680,
  1004016855,
  784170963,
  2145586676,
  1353963249,
  1277844,
  1660760808,
  685428651,
  1465645203,
  440796531,
  1522395419,
  203042009,
  1640687929,
  459244054,
  174076737,
  2044747317,
  837204200,
  1486421564,
  1668306648,
  907225550,
  416541976,
  411938554,
  524102504,
  293034748,
  1290659378,
  1778878209,
  2121578553,
  501650447,
  471180773,
  1494664305,
  1495170053,
  1437784630,
  121205400,
  487495370,
  1502883016,
  1637608155,
  1189515557,
  707953178,
  307187357,
  1042227878,
  1746474819,
  1586983133,
  290623720,
  667306633,
  1112576031,
  555860589,
  843998877,
  1021979358,
  599777254,
  794014915,
  1442645480,
  1103669955,
  1547837107,
  989340000,
  690545035,
  1110561113,
  862929593,
  2118498354,
  1439025357,
  1163313729,
  1780776563,
  588860917,
  1172819419,
  572547747,
  529855395,
  1490404473,
  1754711748,
  345205658,
  1520045406,
  1250739824,
  2129300973,
  600246897,
  367603950,
  1064488480,
  350213900,
  1681462533,
  937217003,
  1255820950,
  143558780,
  836941832,
  828433549,
  1415306249,
  1156766310,
  1752200983,
  1473392040,
  20073650,
  1118753229,
  473917746,
  151687230,
  1554270776,
  108668244,
  981747696,
  958829064,
  614056598,
  1493869940,
  1462789551,
  123427205,
  1164780418,
  1838659649,
  810783320,
  1237322012,
  1458854788,
  76424008,
  2090265324,
  754451257,
  1304835690,
  1187262410,
  766490553,
  2092190960,
  540151403,
  1746007307,
  525244910,
  1492192799,
  566120171,
  250334414,
  244116641,
  13055348,
  1287114315,
  177181445,
  805972220,
  265509239,
  63641305,
  1061382253,
  2005815166,
  772359304,
  1073645898,
  1442901720,
  1625151580,
  495149352,
  1208178698,
  1324160811,
  482756891,
  1402331728,
  1597951661,
  102303120,
  268317158,
  1039769627,
  1962853711,
  1274629594,
  1066401727,
  948398795,
  1657737442,
  950885006,
  1004466924,
  957627097,
  440967103,
  799980108,
  2072002281,
  151043710,
  1130301905,
  1111767781,
  1807270791,
  910297865,
  1532329536,
  1872357125,
  1796580167,
  835500476,
  1300521576,
  1158577467,
  862627384,
  178425210,
  1014428211,
  225419518,
  1722321934,
  1436280767,
  523449818,
  566211825,
  173958028,
  500078034,
  1055151240,
  571486540,
  913090935,
  2069048048,
  1709087011,
  367553064,
  137017237,
  628070245,
  1773470415,
  1560024710,
  1722463037,
  97368447,
  329241693,
  132567129,
  1995333979,
  439295525,
  1502574958,
  1062211800,
  1528087670,
  430880846,
  936509543,
  1849385936,
  954597719,
  1124791247,
  1617428359,
  1767145035,
  498383912,
  924745989,
  2120263734,
  1826500519,
  669167045,
  2142326661,
  1005182819,
  1483422903,
  1162936798,
  341914004,
  1763800679,
  88207391,
  236264924,
  1114057121,
  1205777106,
  1110051703,
  1583071032,
  48961654,
  1440942217,
  142357289,
  1978084747,
  816289879,
  359301516,
  1484182762,
  1532649039,
  1266605903,
  1996510761,
  1086561466,
  1974044557,
  1554426955,
  1054021494,
  2096192221,
  586802293,
  1500142232,
  209234791,
  1311549152,
  1063273570,
  1264627439,
  324735799,
  1570591835,
  110846043,
  688574086,
  526439150,
  822418623,
  1282409605,
  2008437311,
  1101977992,
  1396138699,
  875180639,
  1030325836,
  1147182857,
  1300383328,
  1510474410,
  2014885176,
  887972091,
  1681484711,
  1463491026,
  1132610790,
  308559364,
  539924884,
  10341441,
  591316179,
  598994537,
  1088387561,
  894374165,
  937357732,
  1645347854,
  947609847,
  637940462,
  726943819,
  119413377,
  1042143836,
  245832299,
  1856734759,
  788974390,
  348330048,
  123959044,
  1005240150,
  1897741295,
  885295731,
  662128245,
  1748946057,
  1974593928,
  1653662173,
  1229309669,
  1725004503,
  1850318675,
  1867224300,
  835740262,
  1128868263,
  902024889,
  1608776735,
  726031364,
  1595850963,
  1887985652,
  1524957316,
  771761420,
  345807450,
  207078741,
  1208199196,
  1885902501,
  1364093128,
  1886377448,
  242817253,
  821669329,
  261433719,
  307738820,
  1521681079,
  839594410,
  1350266113,
  1951398138,
  1845146044,
  920998393,
  1070800980,
  967945596,
  1590767370,
  644506543,
  236262852,
  2088376824,
  511982380,
  1789871857,
  278059498,
  728252845,
  945468509,
  929596849,
  821019290,
  922285743,
  1439236385,
  1499086275,
  1823811151,
  1703775251,
  20632783,
  1372366437,
  1384907698,
  810383137,
  836445878,
  1489470342,
  626045960,
  1834735140,
  309543566,
  12000562,
  820241969,
  739712623,
  624917313,
  267127010,
  104576978,
  809207394,
  1623187656,
  24761786,
  1204554544,
  892408776,
  1105074252,
  1808275514,
  998595019,
  107466671,
  434756663,
  1785684024,
  1802916854,
  389114981,
  2005986288,
  792508359,
  1348255379,
  871419461,
  955308353,
  1606985788,
  281369880,
  1428738283,
  1248300236,
  2108898567,
  1978847939,
  2078169651,
  598709266,
  1268000110,
  1792486327,
  1568625581,
  750607936,
  1426245435,
  1866566972,
  1971319798,
  2043874587,
  893369089,
  2067029090,
  1129966612,
  1756872112,
  1423551951,
  2021703321,
  270655128,
  1904228600,
  349949754,
  1293655194,
  1801048632,
  840858777,
  1433118632,
  86383,
  1350237153,
  1233398521,
  754609818,
  796366900,
  1237874120,
  1598733599,
  950527144,
  197140870,
  2131204599,
  70874618,
  1046279452,
  1923552800,
  1478744840,
  1034486385,
  2033924515,
  2047114878,
  272918561,
  1840728048,
  15049440,
  108218770,
  1377340251,
  294405869,
  1770872469,
  1408508172,
  1130552125,
  1939298850,
  596111243,
  840725869,
  521841394,
  1564026392,
  432109524,
  48439519,
  403681562,
  1674303725,
  1431005949,
  754137322,
  627260093,
  480385122,
  869226366,
  1244171023,
  938966639,
  1791608793,
  1823359178,
  568356771,
  1145751355,
  2144768489,
  262467120,
  912910312,
  458633347,
  71032851,
  227725811,
  1035191736,
  553029607,
  606587866,
  446941412,
  1640814040,
  1236634257,
  1949588295,
  245042251,
  1499292694,
  1606251138,
  1921919875,
  742794292,
  461814562,
  38193236,
  1686783873,
  1567627484,
  1885054119,
  737499328,
  777800262,
  173205716,
  1667292172,
  1059344000,
  1380261398,
  756589545,
  604612300,
  1344652192,
  338314783,
  541069801,
  1835246221,
  1306624513,
  802432531,
  562345819,
  435546856,
  152364254,
  2068549814,
  424166537,
  174647297,
  327625760,
  1737580191,
  97754174,
  1781814877,
  1720494784,
  857306750,
  1407044999,
  2118199609,
  888155364,
  232032812,
  1862124134,
  1791793583,
  1539614259,
  477900753,
  3379321,
  879965253,
  48236096,
  808530661,
  1704827491,
  712542920,
  1404181687,
  556455472,
  2119655641,
  1379382951,
  809458445,
  964449474,
  1257996176,
  1038525826,
  175223344,
  216485979,
  1807468129,
  1777959848,
  1746505617,
  1803447838,
  1378888929,
  1751829968,
  415825199,
  1998559829,
  812703488,
  489102819,
  2117091137,
  984580318,
  599180683,
  1588991120,
  652689961,
  1746311018,
  1541379946,
  1685931478,
  1239225063,
  1714971506,
  1348178968,
  1013304119,
  1137349677,
  1842378953,
  857151853,
  1817708271,
  981140204,
  628128032,
  2147483531,
  1592609468,
  1710652610,
  1290067270,
  540506265,
  1236143279,
  1605675327,
  2125225363,
  1191375766,
  229803083,
  528926184,
  718044156,
  148963664,
  1881757886,
  312244924,
  1421400194,
  1256336767,
  1061106910,
  1986056805,
  550579652,
  1332973585,
  51897806,
  1311517960,
  1220710403,
  803101085,
  808048585,
  1252230484,
  237955200,
  1471380100,
  1872328199,
  2092804428,
  1020793917,
  2130687802,
  1500456578,
  1020020789,
  955860595,
  943842319,
  2141420721,
  266898514,
  408575706,
  1409334626,
  982723801,
  298897644,
  2089423258,
  1830103131,
  1987760720,
  1002161024,
  988380508,
  1860019397,
  826278314,
  1748533999,
  1549592533,
  674280539,
  1477558821,
  355976536,
  378614662,
  425314493,
  1448374988,
  694506838,
  688964891,
  1869250560,
  317344092,
  2022889775,
  1419330413,
  365816636,
  355223347,
  775654832,
  2069828928,
  51240879,
  1903039054,
  1961132537,
  370604421,
  1748951034,
  1252119416,
  1013081938,
  713635183,
  1101581096,
  1778470524,
  10260363,
  976173012,
  1811472202,
  1576061536,
  908302208,
  871608031,
  1128632095,
  866913112,
  568629937,
  397215685,
  1332884381,
  702899908,
  395899439,
  1144996119,
  1988074999,
  66974515,
  1213459922,
  301203980,
  663826885,
  349756325,
  815146994,
  1293452602,
  719628480,
  1168292834,
  618198881,
  943433458,
  699174992,
  2088848651,
  683708542,
  750049635,
  2116321872,
  89947322,
  1686378441,
  217885779,
  939547160,
  606864955,
  1894729364,
  1439819313,
  1627434328,
  1832619855,
  502403881,
  561099904,
  643177616,
  2129948864,
  920432122,
  996004943,
  390585118,
  1080952188,
  1928517639,
  1351070343,
  1168336219,
  117703317,
  2094427782,
  1868047859,
  1113335590,
  2082344010,
  490853015,
  1925228542,
  182048270,
  1655903008,
  111531099,
  153838213,
  579642951,
  1476003502,
  2028614953,
  1958017916,
  1750911869,
  1034823503,
  1510074329,
  361713382,
  451109352,
  800532526,
  1732378755,
  1415002952,
  1121267422,
  1303243786,
  46741879,
  810278890,
  2082414686,
  1703568827,
  973300198,
  524470817,
  459173476,
  874131563,
  736906383,
  1478329722,
  1671132791,
  46506142,
  115431553,
  351222380,
  24864915,
  1978837110,
  1170411558,
  1195111433,
  1033862659,
  877617562,
  2020949754,
  1266233526,
  607227595,
  1601581177,
  1190369158,
  251606020,
  760864727,
  570659462,
  890022937,
  1137446057,
  1009200907,
  212294258,
  285217343,
  941222281,
  2134181457,
  751490117,
  1721485624,
  646861459,
  1185242216,
  1087796851,
  1566892922,
  466138615,
  827251361,
  567717231,
  1839326123,
  1918487444,
  2070596238,
  610059359,
  1543821265,
  1044718387,
  1843563948,
  43815424,
  2060542775,
  2142934989,
  1261990845,
  876657257,
  1171313261,
  1234157104,
  1463157031,
  1210884686,
  628938643,
  2100205648,
  1253497317,
  1120070125,
  1734607863,
  1277246680,
  430360979,
  602986814,
  1703072189,
  1694794905,
  343613614,
  1635179308,
  841369449,
  714456029,
  1675487866,
  2049458985,
  1668677518,
  1808070579,
  1650113383,
  1256830559,
  1721421174,
  1483422675,
  1183089436,
  1260542915,
  1929813013,
  558172492,
  84083,
  197225847,
  1458232706,
  1600442306,
  2108804114,
  1680984470,
  186428617,
  1990222304,
  1677949663,
  615449898,
  635348656,
  1954153012,
  1915096280,
  1615779104,
  1005252073,
  448292979,
  1927948269,
  2058805631,
  1972325633,
  564552520,
  1656677597,
  1665836871,
  899093320,
  1389628018,
  1781320517,
  1675512613,
  257691356,
  2129988594,
  912535670,
  1360521649,
  924176425,
  1714891891,
  529981217,
  89342654,
  201863901,
  93396392,
  1770024970,
  1099456187,
  2143831565,
  454412971,
  233871160,
  208040775,
  831269694,
  1931031534,
  1754634414,
  1755440423,
  984673077,
  1272825627,
  1433485574,
  1587198839,
  1343168183,
  1924350530,
  705082606,
  969502012,
  555831938,
  1511505321,
  1483839227,
  1889024460,
  465443487,
  1687111581,
  1536439194,
  419251295,
  43933419,
  1633863443,
  902368706,
  1453526593,
  108431226,
  1360842733,
  235195296,
  37618061,
  1155721377,
  1375150522,
  59701052,
  708455180,
  806957151,
  1651094973,
  1637930417,
  396412465,
  1800622739,
  791025007,
  1689452430,
  1750837825,
  1928208327,
  886513497,
  1190658225,
  753698822,
  2087332553,
  302469468,
  1721337424,
  861174277,
  1293580500,
  1621631601,
  2101530698,
  1567414549,
  1887377127,
  1455100059,
  618154670,
  47607224,
  2028505020,
  1220005219,
  65238695,
  1377925664,
  146595118,
  1233313723,
  451043754,
};

//int src1[] __attribute__ ((aligned (32))) = {
int src1[] = {
  282475249,
  984943658,
  470211272,
  1457850878,
  2007237709,
  1115438165,
  74243042,
  1137522503,
  16531729,
  143542612,
  1474833169,
  1998097157,
  1131570933,
  1404280278,
  1505795335,
  1636807826,
  101929267,
  704877633,
  1624379149,
  784558821,
  2110010672,
  1617819336,
  156091745,
  1899894091,
  937186357,
  1025921153,
  590357944,
  357571490,
  1927702196,
  130060903,
  1083454666,
  685118024,
  1060806853,
  194847408,
  158374933,
  824938981,
  1962408013,
  997389814,
  107554536,
  1654001669,
  269220094,
  1478446501,
  1351934195,
  1557810404,
  1908194298,
  657821123,
  1102246882,
  1816731566,
  1807130337,
  892053144,
  1004844897,
  382955828,
  1227619358,
  70982397,
  1070477904,
  1606946231,
  1912844175,
  1808266298,
  456880399,
  280090412,
  589673557,
  889688008,
  1524325968,
  515204530,
  681910962,
  1400285365,
  1463179852,
  832633821,
  316824712,
  1815859901,
  2051724831,
  318153057,
  877819790,
  1213110679,
  1049077006,
  2063936098,
  428975319,
  1351345223,
  1398556760,
  1724586126,
  1023129506,
  436476770,
  1936329094,
  304987844,
  881140534,
  1901915394,
  348318738,
  784559590,
  290145159,
  977764947,
  971307217,
  2000755539,
  462242385,
  1951894885,
  1848682420,
  1086531968,
  1755699915,
  992663534,
  1358796011,
  1771024152,
  1507977295,
  2049590396,
  621301815,
  1104740033,
  889119397,
  1882410547,
  1567121210,
  1536830211,
  1517273377,
  41000625,
  1127401868,
  140002776,
  1049997439,
  1464689331,
  1968456301,
  1911300560,
  298918984,
  2124639789,
  957828015,
  1105222769,
  944303455,
  1732267506,
  454233502,
  329863108,
  1323602331,
  1887638,
  1561939997,
  897054849,
  1461495731,
  1796198014,
  1779636775,
  175530180,
  1351995223,
  458588260,
  834991545,
  2034837525,
  578134256,
  609960597,
  1683337704,
  605925150,
  24301412,
  2111482797,
  1760348381,
  855007065,
  379847699,
  338725129,
  552265483,
  218264607,
  1363045322,
  1706755176,
  1616927224,
  1360280366,
  1284660444,
  684570285,
  252193898,
  1129841133,
  1262696576,
  1509658266,
  347221711,
  1847320614,
  1195795737,
  678620591,
  1135048762,
  1262976197,
  925238588,
  795054873,
  959637304,
  832861200,
  168068960,
  545293947,
  1452207730,
  1564674546,
  2028841238,
  2018984926,
  988774857,
  1420250114,
  1300601360,
  322968418,
  738342585,
  1122721015,
  32106102,
  1380786643,
  1971062967,
  2083245269,
  1812423303,
  978719103,
  47424385,
  1518163459,
  937673930,
  1614285132,
  1493959603,
  1618907920,
  9135231,
  171620203,
  1939824520,
  1603481258,
  13618676,
  1113423934,
  1168279879,
  463482574,
  1346174542,
  1523252771,
  601915879,
  798669970,
  666082723,
  222902971,
  1666190318,
  118710299,
  344185621,
  637850124,
  1026076958,
  1116666771,
  322791560,
  1790318751,
  1240764503,
  711192801,
  2119315080,
  3559274,
  63040413,
  1051519025,
  1586901783,
  1151624117,
  263081550,
  404319195,
  1318824511,
  270438666,
  2048760593,
  1799809565,
  556228742,
  911254352,
  1928256141,
  1633413200,
  970343127,
  1429157787,
  450031625,
  1174619517,
  377901842,
  927515974,
  1476211373,
  1795739911,
  2090245054,
  172556929,
  1652354189,
  537204356,
  1651659860,
  1609005592,
  1463866116,
  78098867,
  476026939,
  1401494901,
  797716616,
  501848671,
  356326671,
  343077045,
  1421620240,
  2038299453,
  1333685350,
  38535563,
  1550207533,
  115307827,
  1114919531,
  140351516,
  2098478515,
  706642601,
  1596168661,
  368034324,
  2018044936,
  547517015,
  265963216,
  343775973,
  225882720,
  791481169,
  702715827,
  1238616728,
  1628320384,
  1502789949,
  2008416046,
  777568666,
  977260520,
  516341991,
  905333258,
  622268744,
  464685718,
  1132666825,
  1854658689,
  1528073014,
  822102918,
  987333029,
  1708006727,
  6933754,
  1427408396,
  401203083,
  287846865,
  2031615252,
  1301377876,
  746232675,
  1094482710,
  1791728192,
  707454747,
  1356701299,
  88949715,
  1647259579,
  1115195164,
  473553501,
  191110289,
  1517114033,
  562165089,
  812535217,
  499521038,
  1008240338,
  2098603321,
  73536496,
  67943788,
  1270425987,
  707765235,
  1152185684,
  866683784,
  2076422667,
  1862972615,
  318665976,
  1373365825,
  2001271631,
  1751072698,
  1230092639,
  2029909503,
  333748765,
  737904107,
  207314365,
  48114454,
  1840127450,
  1448530832,
  1499932141,
  412281977,
  742753900,
  302173465,
  476003622,
  1258459317,
  56564048,
  1637121029,
  166052708,
  1987502657,
  924375752,
  1785108621,
  1292006996,
  1115266930,
  346645555,
  1233429312,
  1141231427,
  1432477444,
  1178402198,
  1434444856,
  1227464303,
  947712914,
  1078626766,
  67981921,
  1121122752,
  75289719,
  230168410,
  1185044669,
  1312349943,
  1657922431,
  1045139816,
  1496786971,
  1045501370,
  1525679891,
  594094833,
  601518177,
  1139217683,
  505523489,
  1283070434,
  1976226904,
  1763464891,
  494500522,
  1931706890,
  1399116813,
  2009907127,
  1844185784,
  2045329870,
  264032581,
  1508545802,
  231367332,
  214459759,
  739972377,
  1626979010,
  710298150,
  1230900941,
  434826720,
  2092396112,
  1056219956,
  1728536152,
  342695014,
  320514918,
  817350101,
  910819821,
  1398644501,
  129154961,
  1927703510,
  1935350805,
  366782137,
  67439096,
  1121447421,
  595278518,
  1260276489,
  1743532054,
  2018358643,
  1245245250,
  1891469415,
  407052494,
  1543867758,
  156485092,
  1887766714,
  192958060,
  895063368,
  1448891847,
  1746004787,
  1652188234,
  1925270571,
  1044687875,
  810641871,
  1476562293,
  164973471,
  1025725764,
  511142630,
  2095688080,
  1462863342,
  778248382,
  1705698828,
  157863575,
  1039109000,
  1073005947,
  2003266087,
  313952733,
  172490261,
  876554400,
  2068370778,
  425373423,
  421567014,
  1236261662,
  1257726610,
  790709218,
  1288775055,
  319518555,
  2137606534,
  864877321,
  1759921226,
  803694459,
  1030316714,
  1388337879,
  1715914100,
  768094285,
  717918284,
  311164915,
  1432063067,
  675810707,
  1293320728,
  1977466363,
  1109242890,
  567222278,
  1790245761,
  1362834840,
  983646000,
  334734507,
  1430166551,
  1706993431,
  619880739,
  688507584,
  1544374108,
  497991454,
  801783028,
  158592370,
  1215867947,
  907424543,
  629306008,
  767780552,
  1265768163,
  994411019,
  2028195356,
  108408487,
  1279743899,
  1855794244,
  224582466,
  1789665274,
  1414318909,
  40621834,
  418069684,
  1123289549,
  1545747467,
  1797619589,
  1417097773,
  1380889295,
  1148637874,
  694558231,
  949983028,
  594139070,
  251766297,
  1796102646,
  714958111,
  1150957463,
  1996923781,
  522329230,
  1281453213,
  530371950,
  421288959,
  1795289992,
  1338403330,
  1442353559,
  1871067779,
  248263272,
  1451839081,
  976132622,
  69297956,
  1836275591,
  1420400196,
  128762704,
  600207129,
  378859175,
  1926818416,
  1275947080,
  1483764288,
  1222648128,
  933087662,
  436279149,
  585066583,
  524630659,
  1024245959,
  2064668382,
  466884054,
  1680351381,
  2061702028,
  1231367544,
  277117595,
  1077722710,
  1084605923,
  254256219,
  1436461431,
  830447846,
  1784766670,
  265094610,
  1391731064,
  1822559361,
  226693620,
  775171661,
  1544479434,
  1247622090,
  337486260,
  363159928,
  1441716381,
  1903766468,
  734112722,
  1502463517,
  1700769364,
  606061956,
  364988341,
  157160836,
  1610979728,
  353474902,
  1660439616,
  931853946,
  1995702672,
  571846523,
  1702482605,
  459380633,
  817391553,
  1993997925,
  1324059153,
  765221733,
  424988139,
  1698961258,
  39194160,
  245949929,
  1405804598,
  821225633,
  711443276,
  1963590646,
  844929464,
  1785742192,
  278333842,
  2023078859,
  756044145,
  1228127127,
  1812908748,
  1755174370,
  934961292,
  749808928,
  1973792143,
  1598973563,
  1667344272,
  1314384009,
  675614486,
  270415769,
  286245357,
  270649486,
  1611739816,
  985509754,
  503962615,
  1468762966,
  1834458877,
  258077412,
  2027638231,
  129412463,
  303180324,
  488527833,
  1286759527,
  115377429,
  1744412144,
  68372451,
  2092651979,
  1441132407,
  511567600,
  1266388310,
  489115891,
  961673225,
  2003613929,
  1102730553,
  1845784858,
  1308822963,
  1340040768,
  1383816526,
  55835219,
  446138204,
  1203288092,
  259181370,
  295741962,
  1165225317,
  1903958413,
  778662571,
  642551035,
  1960657288,
  2083700978,
  1713417723,
  963619508,
  1490194926,
  1005471806,
  862332255,
  1003323276,
  1111527896,
  1931161864,
  294192416,
  1479904491,
  878918398,
  67119748,
  413705651,
  590275977,
  877518661,
  1551112228,
  1359225235,
  591308,
  743955679,
  1057007323,
  684079392,
  296356978,
  830889295,
  120548475,
  1643966962,
  2065708819,
  2145534035,
  751152468,
  427350234,
  1165706778,
  432969045,
  1103289075,
  1305712687,
  1714659037,
  314974534,
  1124818675,
  1227559555,
  1457517399,
  1813852093,
  713120633,
  1597888047,
  864971330,
  1192825665,
  1319631682,
  1318396314,
  85176241,
  737637591,
  368064760,
  910200912,
  1568463430,
  785214200,
  185984467,
  898003988,
  698495686,
  1211145495,
  1142161102,
  129367183,
  236507136,
  1180074489,
  273239725,
  127446722,
  1971340605,
  1843638691,
  1179617774,
  1817469862,
  1426671283,
  2089916419,
  342194330,
  608452375,
  1284101462,
  135046736,
  2038808308,
  606086947,
  925188411,
  426556000,
  1630361896,
  1444695645,
  1467514962,
  361813754,
  1977694286,
  8200010,
  382578173,
  1435106635,
  1111284571,
  1002804821,
  201098413,
  955889957,
  1400258743,
  1894832768,
  437900415,
  34519891,
  234254369,
  1205024134,
  527195143,
  64510906,
  1903425807,
  1175535203,
  1045927447,
  2011351949,
  1178767759,
  1617778550,
  370352186,
  816959685,
  2076697922,
  647229181,
  1912233251,
  537635495,
  1802933454,
  1521446980,
  1130220830,
  196566714,
  1679612136,
  661122009,
  1624842919,
  1385869610,
  331211609,
  977532867,
  348811266,
  878444520,
  359242577,
  2116197142,
  716335881,
  760910030,
  691812436,
  1377343945,
  80923233,
  167963456,
  1054676517,
  542708781,
  1414362805,
  3574160,
  216616201,
  2051953944,
  355207555,
  250057443,
  2063637013,
  473284781,
  546669518,
  521861729,
  1179459082,
  1828903032,
  1197459195,
  1937022504,
  1631437711,
  2143811610,
  805392551,
  1600996761,
  1645645405,
  1377965113,
  220048636,
  1854052994,
  1999253743,
  625274502,
  2094655070,
  1783848212,
  407209932,
  1643274097,
  69447073,
  806244819,
  414780911,
  1281934978,
  1179996045,
  1668560562,
  1521273983,
  1897440709,
  2136018550,
  1073254665,
  1607251617,
  1481135299,
  367707584,
  607367442,
  1956041515,
  857507257,
  1938090264,
  1177605154,
  565116027,
  506449259,
  720707386,
  972559129,
  1432595549,
  1759229198,
  1163498603,
  1602632443,
  1629293585,
  873488587,
  1508134031,
  1419867461,
  593550214,
  647386832,
  2049325511,
  1937682871,
  2092164733,
  880378030,
  1709478704,
  1292798887,
  236066681,
  156848786,
  823304040,
  839521936,
  1200676938,
  1501154526,
  23929712,
  831898621,
  1214810341,
  576783054,
  347077197,
  1735832451,
  411610332,
  1391900804,
  156454405,
  813799943,
  1059256539,
  464383697,
  758332965,
  1915875605,
  943068412,
  2109190184,
  1238320299,
  307614740,
  1073387846,
  177376893,
  371358049,
  804493649,
  353657796,
  527050696,
  1698995250,
  538472431,
  1180715935,
  1106577801,
  755632437,
  885215120,
  1966423894,
  1221127903,
  860116286,
  1731634143,
  93216332,
  279385578,
  2081384202,
  444978220,
  1783878630,
  657262367,
  2115103844,
  714829749,
  176941273,
  1463845416,
  438415348,
  352050957,
  424052705,
  1872233307,
  194874527,
  530483715,
  1110398897,
  1863997495,
  1281409026,
  2118984398,
  1766946662,
  1474098853,
  1348616203,
  851810723,
  902053221,
  1025979034,
  1747240702,
  633063279,
  1018594750,
  921788850,
  996502948,
  1413182981,
  1207543208,
  1433710178,
  1401158267,
  600633910,
  11127358,
  127124946,
  460977656,
  544733637,
  1585191734,
  1016168508,
  1982259113,
  538276724,
  1468684613,
  1017739962,
  1087464377,
  1793291147,
  2089719753,
  319338739,
  851451194,
  1654889424,
  975984958,
  1366488948,
  1593437401,
  584406392,
  387423580,
  1691587940,
  165903868,
  1806282463,
  2028965134,
  2031439871,
  809985650,
  1779630010,
  490916525,
  1849905494,
  2050098034,
  1866192546,
  1610836121,
  896483589,
  866954865,
  777512110,
  437928109,
  1768623323,
  2074118474,
  895155494,
  1556846875,
  891421357,
  1295705222,
  2120490172,
  9024039,
  279554417,
  1455633890,
  508594896,
  1461885895,
  313517516,
  1285869684,
  158295578,
  435861972,
  1573243635,
  2057750526,
  1590162030,
  462669258,
  1802082212,
  469492312,
  581326628,
  1794963926,
  1337482726,
  982972981,
  1557429392,
  886559009,
  219596124,
  935814240,
  520717815,
  1356871292,
  1169606052,
  169524677,
  103647626,
  1010026261,
  726820849,
  1833517719,
  598210376,
  1510393581,
  1869118659,
  390801193,
  1140164829,
  1557551348,
  505360879,
  510556227,
  1765876431,
  1863776406,
  83021272,
  1047353930,
  762899077,
  354427294,
  666423652,
  322919577,
  1947138151,
  1270697084,
  1780975015,
  453854177,
  1250086895,
  332985600,
  660405117,
  791581617,
  75099568,
};
int ref[] = {
  282492056,
  -1687373565,
  1614320202,
  1558878422,
  -828951664,
  1939002605,
  1858727534,
  1252330490,
  1457814056,
  966921452,
  -1923589824,
  -1032052430,
  -1346266803,
  1601773377,
  -1895820145,
  -703260373,
  665542779,
  -2009365853,
  -1312007168,
  -1382171896,
  -1654444657,
  -1125246567,
  1555217230,
  -1038647977,
  1522826551,
  -1623011142,
  1100974652,
  1129087158,
  -1322476976,
  2082570433,
  -1268784908,
  1793846573,
  -1115362642,
  766388385,
  -2101284135,
  1900199279,
  -1737530648,
  2135013679,
  2128293599,
  -1005626202,
  2046944209,
  1512522130,
  -1078486584,
  -1156126787,
  -240453547,
  1158603311,
  1856046387,
  -1208828978,
  -1602900243,
  1470407582,
  -2136270898,
  999739699,
  1557730495,
  1794135574,
  -2076767098,
  -636399456,
  -1191163376,
  -1144847363,
  799978541,
  1814918380,
  785073817,
  896129602,
  1582042363,
  -1765643653,
  1070381968,
  -989883989,
  1786021934,
  1661164588,
  1390010407,
  -1218133724,
  -975993875,
  1512467795,
  -1305515890,
  1517666319,
  1590514341,
  -1234533226,
  699624414,
  2036928677,
  1670669049,
  -1235432265,
  1555365629,
  1272522583,
  1997264332,
  1220884064,
  -1379114396,
  -2111326676,
  546260101,
  937167434,
  833581709,
  -1635393726,
  1721904602,
  -557016485,
  1861641632,
  -883658915,
  -1909144253,
  2098560112,
  -1249931646,
  -1679142137,
  -893125243,
  -1580488465,
  -1307414757,
  -125498082,
  -1845577789,
  -2036114272,
  1111242066,
  -1174067196,
  -1782870261,
  -891407423,
  -1058160111,
  1633823386,
  -1264828093,
  1134980771,
  -1712907090,
  -1396448091,
  -1897970439,
  -524197864,
  1467039078,
  -1203213752,
  1420679422,
  1783252962,
  -1457648161,
  -1558682935,
  1238404465,
  -1819517512,
  -1617401716,
  3165482,
  -1072266491,
  1582483500,
  -1367826362,
  -2057972751,
  -992935102,
  378572189,
  -1302284144,
  917832314,
  1009068282,
  -215382454,
  1415338456,
  2096382161,
  -943322944,
  1513150700,
  440843388,
  -1771545945,
  -2010516411,
  1148041813,
  1670507077,
  2117603338,
  -1621123260,
  719915054,
  1834226095,
  -1093547815,
  -1182870019,
  -1496902300,
  1405865844,
  1172065655,
  1755076914,
  -1527518008,
  -1842755163,
  -2077355852,
  654409068,
  -1405418804,
  -1352696740,
  -2029363572,
  1425672482,
  1930282830,
  2037814619,
  1350915462,
  1803636181,
  1854840558,
  767846214,
  1339308862,
  -1400114086,
  -1626622795,
  -718288951,
  -1286642370,
  1679319892,
  -1764156069,
  -2131436343,
  -1853500524,
  -2117599354,
  -2008932552,
  1812882665,
  1969647560,
  -1151084910,
  -1639174280,
  -1952688598,
  -1825843720,
  1802136133,
  1863369117,
  -1837247960,
  -1429942340,
  -671706720,
  -2075812479,
  376739181,
  1236108683,
  -2004928876,
  -1010023505,
  950835679,
  -1925722412,
  1311838659,
  1300424406,
  -2120359205,
  -1356408276,
  1758682189,
  -1744096343,
  2139474763,
  242976621,
  -1510023749,
  592628045,
  495872851,
  -2102846396,
  1134745202,
  2098414467,
  1281620624,
  -1890591947,
  -1560332853,
  -2120984944,
  -2052225011,
  1168339692,
  1901700062,
  1862302345,
  -1470743501,
  -1684488391,
  339505558,
  -1800382777,
  2073275768,
  1575274356,
  -1058944293,
  -1728667178,
  -1646547594,
  1451405755,
  -620703848,
  -2136309186,
  -1832431370,
  1995277958,
  700366039,
  1418736158,
  390957190,
  -2080337007,
  1653392818,
  -1693255165,
  -1939213003,
  236198234,
  -1581230854,
  -1751947774,
  -1870948132,
  -1612315806,
  -1388199460,
  1703250447,
  971176291,
  -1685293697,
  2121877427,
  984605562,
  1758658399,
  1941028706,
  1523923360,
  -1988350685,
  -1921512319,
  2001389274,
  -1470130169,
  1181709554,
  2063318326,
  1798088958,
  -1245603775,
  1711109525,
  -1741171538,
  809001427,
  -1476942252,
  -1675448000,
  417006926,
  1474077878,
  1337650501,
  -1696215336,
  1613013692,
  -1524021032,
  -794289787,
  -995597180,
  -1451050774,
  2078090242,
  2135837987,
  1378969375,
  1083758468,
  1636696955,
  690105236,
  -1439978537,
  -1004027840,
  2051522832,
  1388314743,
  1161291057,
  -2086882535,
  1062084994,
  1998894936,
  1314294018,
  -1938072383,
  -554265033,
  1668930940,
  883249912,
  1722552955,
  -729768689,
  -2027487839,
  -1215802960,
  186318162,
  1976501272,
  1247762293,
  -1826079816,
  630405814,
  -1275278305,
  1624376889,
  -1954344409,
  930401884,
  1944749881,
  -346978039,
  1028134215,
  1192735035,
  -1407112950,
  -1820057026,
  1650569596,
  1791429773,
  -98280895,
  -605494162,
  987833021,
  -779274810,
  -1288512846,
  -1060471695,
  -1901937859,
  -1923143789,
  2097549444,
  826111498,
  443579289,
  1162171575,
  -1249062740,
  -1736384761,
  -1211964123,
  461243631,
  -2111271179,
  444530754,
  -1840878927,
  2074749196,
  415865564,
  -1173663505,
  1698701747,
  -1040858736,
  -1374080783,
  -1423297209,
  -1028915743,
  -1625273411,
  1400667049,
  -965345763,
  1728033720,
  -1362347620,
  1387636989,
  -1548973288,
  -2004229423,
  -2082626943,
  1403362565,
  1638573756,
  1231968795,
  763863805,
  756607560,
  2007463292,
  -1700207748,
  -628607554,
  2147117808,
  -1402041626,
  1920682009,
  -1738961569,
  1741277690,
  1901901505,
  -1645275203,
  -1774558631,
  -2123924771,
  -637255681,
  -1068011379,
  1627111312,
  -2054701042,
  1939041697,
  2020248568,
  -1859465333,
  -1650642889,
  1352420142,
  -1892047329,
  1168725064,
  1859807613,
  1687582224,
  -2030047824,
  1437241969,
  1350314318,
  1476970556,
  -1956738885,
  -1382012581,
  -1777456754,
  691025062,
  444473962,
  1822590251,
  -1486406180,
  -2011027064,
  791283206,
  -618317729,
  -385022563,
  2020444310,
  1296748765,
  -1448515372,
  -1849370103,
  -1167466507,
  -1715694980,
  -1147740390,
  2147270139,
  -794721146,
  1133083858,
  -1155248575,
  2044470744,
  -882243266,
  964719480,
  1240870818,
  1655970588,
  -1340763313,
  -756876561,
  -1005603597,
  -1363901973,
  1053459124,
  -1996735674,
  426407190,
  1333464584,
  2032823709,
  -1359684806,
  -1481837841,
  -1565320776,
  -744122424,
  1078861968,
  2109909980,
  2040951543,
  -700933839,
  958459276,
  408753113,
  -1330036072,
  -1714614138,
  -2079722016,
  699626512,
  1964514507,
  -2091772177,
  1720306067,
  2109794345,
  1241804298,
  -718124377,
  -1931003700,
  -711234919,
  -1787497586,
  1050949497,
  -1534262980,
  -1194145498,
  1578477422,
  1554364162,
  1800635257,
  2058109027,
  -1784421449,
  1602864294,
  1989466925,
  1929484859,
  1306934901,
  -1879804222,
  1629961850,
  1088222978,
  1143941901,
  -1241613089,
  1731755217,
  1824435283,
  1580916360,
  -1645518936,
  -1988700328,
  1800378047,
  266059041,
  1650624610,
  -1601858729,
  -1862744434,
  1156895533,
  -1023212845,
  1786919378,
  -918516561,
  979827948,
  -2059915044,
  -832187264,
  505952346,
  -1076563739,
  -1632348151,
  -2145446895,
  -1898049673,
  -1093508096,
  2144456733,
  -1229347597,
  -1085383196,
  -1345452420,
  1899245810,
  2120803666,
  -1478417296,
  -1729508428,
  -1999326412,
  -1605495561,
  -1512980095,
  -2014043221,
  -541171403,
  1945881181,
  -991810762,
  801027078,
  -1969449737,
  2145239746,
  -1662908772,
  -1051565105,
  -1583040740,
  1681381904,
  1451925464,
  -1968597521,
  1302696477,
  -1704081887,
  -2078200200,
  1366636824,
  -2096026568,
  1329386319,
  2123959286,
  -887815617,
  1554638906,
  -2026039716,
  -1438326834,
  1915023989,
  1619552968,
  -1736412122,
  -1223606459,
  -1957380353,
  -1987355194,
  1695400821,
  -2125046498,
  -1686259501,
  571523464,
  -1446372117,
  -1801853201,
  1384808344,
  -919207015,
  1426559089,
  -1669474757,
  786936004,
  -1339209840,
  -2040298411,
  275133139,
  1178853223,
  -1076184137,
  -1616339257,
  1091623582,
  990420021,
  1922101503,
  -1521974462,
  1978283745,
  -1853537140,
  -802589139,
  -1865546162,
  933345112,
  1302912191,
  -539219079,
  615942022,
  -1721617368,
  1390487293,
  2066735523,
  799572334,
  -1557292955,
  1012410240,
  1423979419,
  -1854027959,
  -1330094103,
  2001855990,
  -1920390862,
  1944003509,
  1538486854,
  1852201067,
  -967242823,
  1564019925,
  1173257838,
  2001783882,
  -1763253959,
  -941597620,
  -2131579335,
  -1534389109,
  1533844407,
  1401332843,
  -814766376,
  -1480448926,
  -1979744606,
  1506398473,
  -1716562853,
  -1351341541,
  2005659055,
  1855453810,
  -1784106589,
  1577040282,
  1088677888,
  832995305,
  2047286672,
  1137874008,
  -1722454867,
  1892929503,
  2009106174,
  585703172,
  -529748874,
  227166637,
  2084995201,
  -2085944679,
  2144066277,
  1522422428,
  -432355543,
  956527815,
  -1970282505,
  -991710755,
  -1991606113,
  -1488964727,
  967016644,
  965052546,
  -1411388114,
  1150966649,
  -1640651777,
  -1281316842,
  2052583688,
  -1506969083,
  612290691,
  -1729173451,
  -1712296253,
  1068639815,
  1260191436,
  -1871745803,
  -1352483057,
  953885915,
  859037014,
  -526841879,
  -433306470,
  -835043956,
  -1527899950,
  -1425883441,
  -1537665522,
  1278157454,
  -1293084191,
  1924231384,
  -1874702613,
  -1883683743,
  -1830482487,
  1478099081,
  1656110868,
  1066395612,
  -1958380301,
  -1876068689,
  -1057923590,
  -1696516998,
  1715562814,
  2092134647,
  2070311442,
  1821429069,
  2138735931,
  1688041148,
  1938256746,
  -1669860130,
  -1601130445,
  -1949730,
  -1951205360,
  2138002844,
  -1839193248,
  973475310,
  -1955534942,
  -1383579282,
  -455082896,
  1506350300,
  1354621758,
  1756485739,
  -2119405741,
  1962815757,
  -1700088777,
  1910132971,
  -2008595772,
  -1845804864,
  -1914228704,
  -990514177,
  635755893,
  2070611176,
  419962566,
  -2073248424,
  -1505793463,
  1588315285,
  994033052,
  -2144732824,
  936450886,
  -1612441701,
  -1280477995,
  -2072795685,
  1257301053,
  -984205005,
  1773696303,
  1147467511,
  -1367766096,
  -1507486286,
  -973928801,
  2084368376,
  1835246989,
  -795716251,
  1324918131,
  907350019,
  -921442576,
  1965149867,
  -268398268,
  1608247971,
  1913568919,
  -2008391899,
  -1838327086,
  -1101737652,
  -1277859801,
  1036094293,
  -839714189,
  364176546,
  761192835,
  1860421128,
  -1735307737,
  1697311659,
  890063304,
  -1469826779,
  1717602835,
  -377244753,
  1857230828,
  400336527,
  589477716,
  1980678966,
  -1697943225,
  115751785,
  -488502435,
  -1158299556,
  1416531868,
  -534664313,
  -1864080121,
  -1664106808,
  1083987369,
  1918540781,
  -439798850,
  657489544,
  -1406561033,
  -1945859599,
  -915972306,
  -1865218108,
  2001828861,
  1325198809,
  -1748442048,
  1229751946,
  2022058604,
  -1576213305,
  1034111517,
  1373432306,
  1493807385,
  -1428447777,
  426217092,
  -965310232,
  1017539861,
  1424736915,
  1041568761,
  -2102476357,
  1374375835,
  887591936,
  -2071997945,
  1160907662,
  -1937171033,
  702749152,
  -1989502444,
  -1559304810,
  1105257190,
  -1928587981,
  -2141382961,
  -2135304074,
  764555297,
  1461408889,
  1786324037,
  -571334900,
  -1657688788,
  -730510464,
  -830909730,
  -1648751805,
  1366492455,
  -2050792919,
  -519373027,
  -1996570061,
  1216053579,
  -2050329184,
  -1214761365,
  -1741175155,
  -849241883,
  -1342782865,
  524913249,
  -557265417,
  1937494932,
  1919580409,
  -1797842375,
  1772787993,
  -1189742709,
  1850608832,
  -1117790305,
  2008971808,
  -2005110533,
  1652897616,
  -1211712177,
  -785217044,
  -1969241796,
  -1936687985,
  -1304102278,
  -1927385710,
  -1995163650,
  1628714506,
  1365648553,
  -2056139282,
  2135710338,
  2093826551,
  -1559127961,
  1805971077,
  1973777493,
  -609920167,
  -962104884,
  1846788785,
  2032604848,
  1879040937,
  1467681777,
  1384293215,
  -767312063,
  -686151634,
  2138670875,
  995809583,
  2060701084,
  1317663802,
  -2080063505,
  1327260344,
  2018415473,
  1873384595,
  2078294500,
  -772863016,
  1290163238,
  1439126216,
  -1478575778,
  1767152212,
  598683217,
  -1798270118,
  982269794,
  -2013043555,
  1293900462,
  1823000850,
  1271550797,
  749601040,
  1699555246,
  -244910234,
  1694558529,
  -464291488,
  1885181758,
  1492856956,
  -2133782599,
  1744269815,
  837496664,
  1631745010,
  921375027,
  -1928590477,
  -677484602,
  -1685898627,
  1790775294,
  -1644568230,
  1800350824,
  -1566188228,
  2010239318,
  -1013296618,
  -1291916021,
  -1301342308,
  969873589,
  1450698839,
  -979425990,
  1908135251,
  -1300203980,
  1286201010,
  -79657804,
  1968327066,
  1297011398,
  -1096514017,
  1715662028,
  782411936,
  1027039519,
  -719661800,
  1889669432,
  874097329,
  -1549389091,
  -1589600352,
  1995865055,
  -500495032,
  -478561649,
  -1152190925,
  -1138280514,
  -1793043190,
  -2136083516,
  -1547567088,
  -1064303919,
  1816152715,
  -2015829631,
  -1443365433,
  1554675440,
  1413267064,
  1404769055,
  -1403024412,
  -1293366723,
  -1585529272,
  1692111828,
  313553563,
  -1843767336,
  -2072283996,
  -2094325664,
  1651517164,
  -358555171,
  -1841594292,
  -1210503579,
  2022992035,
  1535757356,
  -573727880,
  -146441912,
  -2003302924,
  1416003714,
  -983400275,
  -1653145467,
  -2029385028,
  -1311901877,
  -1929240387,
  2062936193,
  1949279296,
  -1999074834,
  -1576149163,
  -905480513,
  -1339351000,
  -1770089755,
  -1985356069,
  580259179,
  2051769395,
  2143494426,
  -658749780,
  -1584674988,
  -1254652142,
  1321367836,
  1011383270,
  645968884,
  -1695074279,
  -289817288,
  -1645177388,
  -982679998,
  1876094434,
  -1726436447,
  -740991550,
  1596222878,
  1622722600,
  -914982876,
  1213677502,
  -1863579389,
  869349454,
  -1497592291,
  1642134805,
  -1970080864,
  2038687122,
  -550105189,
  -1168366072,
  881920553,
  1846015631,
  2103355755,
  1483695334,
  -1046476777,
  1445913952,
  -1951151582,
  1792624688,
  924177070,
  1375317501,
  -1984002534,
  580418867,
  2065326472,
  1976563203,
  1820619650,
  1741578043,
  1406438726,
  -1767523708,
  -1670424570,
  -2007304490,
  -1033735890,
  -497640310,
  1277314690,
  -1964144242,
  -1983717126,
  -1702273864,
  813025695,
  -807753441,
  -1570016613,
  1376601772,
  -1625981765,
  -1430537521,
  1921841843,
  -1741166517,
  1778019636,
  -1729674475,
  1318304308,
  -485487261,
  1673859396,
  1315325590,
  1710911264,
  807000235,
  2024895340,
  526143322,
};
