// Data set for ubmark-gcd

int dataset_sz = 1000;

int src0[] = {
  1804289383,
  1681692777,
  1957747793,
  719885386,
  596516649,
  1025202362,
  783368690,
  2044897763,
  1365180540,
  304089172,
  35005211,
  294702567,
  336465782,
  278722862,
  2145174067,
  1101513929,
  1315634022,
  1369133069,
  1059961393,
  628175011,
  1131176229,
  859484421,
  608413784,
  1734575198,
  149798315,
  1129566413,
  412776091,
  1911759956,
  137806862,
  982906996,
  511702305,
  1937477084,
  572660336,
  805750846,
  1100661313,
  1141616124,
  939819582,
  1998898814,
  610515434,
  1374344043,
  1477171087,
  945117276,
  1780695788,
  491705403,
  752392754,
  2053999932,
  1411549676,
  943947739,
  855636226,
  1469348094,
  1036140795,
  2040651434,
  317097467,
  1376710097,
  1330573317,
  1687926652,
  959997301,
  402724286,
  1194953865,
  364228444,
  221558440,
  1063958031,
  2114738097,
  1469834481,
  1610120709,
  631704567,
  1255179497,
  327254586,
  269455306,
  352406219,
  160051528,
  112805732,
  378409503,
  1713258270,
  1409959708,
  1373226340,
  200747796,
  1117142618,
  150122846,
  990892921,
  1231192379,
  111537764,
  2147469841,
  1911165193,
  2142757034,
  1869470124,
  8936987,
  1275373743,
  350322227,
  1960709859,
  771151432,
  1244316437,
  1476153275,
  1139901474,
  653468858,
  1239036029,
  1605908235,
  76065818,
  1789366143,
  1875335928,
  2103318776,
  1939964443,
  1432114613,
  352118606,
  1909002904,
  1395235128,
  1351797369,
  1504569917,
  706043324,
  159259470,
  480298490,
  1096689772,
  601385644,
  1544617505,
  1012502954,
  2027907669,
  722308542,
  933110197,
  740759355,
  1789376348,
  1450573622,
  1034949299,
  1529195746,
  1335354340,
  889023311,
  1447267605,
  745425661,
  1308044878,
  1569229320,
  1590079444,
  1977648522,
  1402586708,
  1143408282,
  559412924,
  1473442062,
  238962600,
  1238433452,
  1431419379,
  1665947468,
  707900973,
  2113903881,
  1776808933,
  404158660,
  2058657199,
  1642548899,
  260152959,
  824272813,
  2025187190,
  1850952926,
  1704365084,
  638422090,
  1953443376,
  1069755936,
  349517445,
  1856669179,
  995706887,
  1065103348,
  387451659,
  1562402336,
  1295166342,
  1799878206,
  382697713,
  1070575321,
  296864819,
  697517721,
  1950955939,
  1797073940,
  1065311705,
  846811127,
  1307565984,
  324763920,
  231602422,
  780821396,
  711645630,
  917679292,
  1253207672,
  1414647625,
  1046741222,
  1896306640,
  1111783898,
  1197352298,
  1782280524,
  524688209,
  1566288819,
  2114937732,
  1927495994,
  882160379,
  1682085273,
  630668850,
  1858721860,
  105575579,
  2118421993,
  452867621,
  1857962504,
  213801961,
  648031326,
  1737518944,
  110613202,
  982936784,
  1486222842,
  255789528,
  1242608872,
  1277849958,
  653448036,
  1023457753,
  1309383303,
  1329132133,
  501772890,
  150517567,
  1983690368,
  1034514500,
  1775473788,
  767066249,
  739273303,
  1415505363,
  552910253,
  1344247686,
  661761152,
  425245975,
  235649157,
  1679895436,
  430253414,
  677870460,
  496060028,
  1144278050,
  1192707556,
  816504794,
  655858699,
  559301039,
  1186090428,
  1473144500,
  1498617647,
  1387036159,
  1144522535,
  1328104339,
  1113502215,
  777720504,
  1722060049,
  328298285,
  136495343,
  402903177,
  1503885238,
  2416949,
  655495367,
  1407392292,
  389040743,
  1433102829,
  1402961682,
  1900553541,
  337453826,
  1780172261,
  1941690360,
  847228023,
  1866000081,
  1586903190,
  500618996,
  1184214677,
  1061730690,
  2016764524,
  1748349614,
  1411328205,
  2009726312,
  1877565100,
  1369602726,
  1665204916,
  564325578,
  1010528946,
  1708302647,
  1874799051,
  885799631,
  1281830857,
  1156541312,
  1243439214,
  1505193512,
  1788014412,
  241909610,
  1095966189,
  1748806355,
  1369356620,
  309198987,
  530498338,
  37487770,
  1232056856,
  1251300606,
  1025125849,
  126107205,
  1376035217,
  478034945,
  1353436873,
  1584710873,
  941804289,
  2045826607,
  1930772757,
  716334471,
  470591100,
  2039723618,
  1899058025,
  394633074,
  1675518157,
  1943003493,
  1635550270,
  712633417,
  1204275569,
  1336092622,
  1026413173,
  1404196431,
  452456682,
  1858504292,
  802205057,
  1388391521,
  1452888574,
  126401947,
  1210359231,
  40610537,
  19485054,
  1291554098,
  1905241081,
  371653516,
  1047372231,
  1372261796,
  333582338,
  1894519218,
  1931513970,
  1021784812,
  2032894977,
  1859031536,
  1543324176,
  395279207,
  358984857,
  1344593499,
  272020127,
  2033505236,
  345367818,
  991810563,
  1965421244,
  1319041805,
  845563291,
  937558955,
  524133589,
  1215828993,
  74552805,
  1747844822,
  765326717,
  76593093,
  431530126,
  1502781486,
  1909850543,
  733327814,
  1646478179,
  1500474762,
  1941727088,
  1615935710,
  1738110294,
  1269400346,
  217871137,
  524305153,
  1265122573,
  1910300925,
  120306710,
  1007277217,
  1260596963,
  1255387090,
  1751378130,
  1130698571,
  1566369633,
  567304789,
  1155722604,
  2000419805,
  441767868,
  861109485,
  1460082195,
  952062949,
  1510080967,
  460686763,
  554290596,
  34740865,
  1830539036,
  690367770,
  1131359211,
  537322532,
  157272379,
  1910858270,
  1140384172,
  2059344234,
  738647283,
  94307398,
  10901063,
  628966950,
  1761250573,
  1003886059,
  410134047,
  1982945082,
  181271232,
  1527622954,
  199411898,
  1862875640,
  1022089159,
  1669679262,
  1242561041,
  1597141723,
  207026272,
  2032454154,
  590335821,
  1738909365,
  1603591171,
  372160269,
  1633938701,
  2106914653,
  733450907,
  980356728,
  1404515797,
  1289547084,
  174515334,
  294110991,
  245798898,
  1250801052,
  1435218189,
  670752506,
  1649709016,
  82173109,
  857490000,
  972058109,
  661955081,
  11671338,
  271059426,
  180785147,
  1687776787,
  1954696532,
  134591281,
  1131884850,
  1992576590,
  833215350,
  1370973813,
  1158381494,
  1766146081,
  1979015720,
  1694887982,
  820097487,
  1735079296,
  1604765404,
  1823796892,
  1534230297,
  1108399134,
  1078898506,
  1442767057,
  1623380595,
  298501962,
  420687483,
  1813080154,
  395191309,
  672139932,
  1907895021,
  1030313563,
  428903682,
  1412277685,
  476564285,
  1671735990,
  305197314,
  1204754116,
  1875641892,
  1447395528,
  1787897525,
  1660651136,
  1267889618,
  1640170337,
  610506582,
  1889804310,
  384370888,
  951426815,
  1390543437,
  699460008,
  1304811783,
  1730418657,
  856363827,
  846621269,
  1287726651,
  1936060910,
  1892430639,
  989241888,
  627992393,
  528433890,
  646755199,
  1609416931,
  1043388777,
  1844400657,
  629580952,
  6072641,
  620089368,
  1396918184,
  376696776,
  2060975266,
  242588954,
  445080308,
  1151297278,
  1000372555,
  1916250774,
  870305000,
  1799560997,
  1446648412,
  745598382,
  981914693,
  1539942439,
  1162088421,
  576994985,
  1489001354,
  507578762,
  470631541,
  1104561852,
  737703662,
  202550399,
  1887665154,
  1119399015,
  386839851,
  942724790,
  1466942491,
  829570037,
  916018859,
  1289360871,
  234576987,
  342146590,
  672563970,
  978587665,
  1599893069,
  2058907361,
  44041351,
  1928189300,
  85291638,
  394709364,
  1671581032,
  158136104,
  878273679,
  1292413412,
  1209734969,
  1724916170,
  153162844,
  1020406649,
  769304465,
  1968922326,
  1934660183,
  411826969,
  1994320152,
  1762924393,
  1092637289,
  404259631,
  1347584264,
  1607774548,
  1550101877,
  1872666833,
  1186994949,
  2056665155,
  1369678468,
  18400960,
  781098823,
  213213171,
  1720185677,
  399493245,
  817572761,
  1499150323,
  25084100,
  379461075,
  318322042,
  1451042659,
  592456289,
  333293469,
  478841551,
  972125383,
  1172063133,
  1840019304,
  830365981,
  373953666,
  530788967,
  1970090192,
  788380902,
  1111088131,
  1077683174,
  38649718,
  1330301183,
  1116945487,
  518434573,
  1554725062,
  1692713933,
  698312496,
  1369893141,
  522971726,
  296596980,
  455843485,
  1670372305,
  28264029,
  1600206898,
  1124734562,
  482417719,
  1926411641,
  505593010,
  1587992726,
  198628789,
  2021303708,
  1374600938,
  461152493,
  962980710,
  649785905,
  1881049613,
  2086963638,
  1384079421,
  1715207829,
  1107096180,
  1367209095,
  1855843024,
  1254749154,
  2042010569,
  1237979969,
  1690492373,
  1984498433,
  1683932587,
  1514620094,
  1282291499,
  1759007339,
  1122551742,
  272312086,
  1666231349,
  1195950186,
  532495011,
  67874133,
  1561812722,
  454806773,
  2017881519,
  1549495354,
  657103124,
  331016259,
  1684677418,
  692981712,
  1862558705,
  1835342733,
  2002992734,
  1196774315,
  1947691087,
  100669,
  660916487,
  573556837,
  1390598089,
  1531585205,
  573666704,
  674402557,
  172623403,
  1424321892,
  703571522,
  529302443,
  274325361,
  1256273378,
  177332700,
  1651574882,
  550804899,
  310242589,
  1719650353,
  1286966948,
  1912163036,
  76277107,
  1604665417,
  1569115921,
  1756098480,
  1487105994,
  815774123,
  730832933,
  86086317,
  1219933931,
  145186709,
  240959156,
  228217069,
  1907712995,
  1435001171,
  763148569,
  1718264801,
  1538026652,
  1590105340,
  805251743,
  1805613091,
  1510906527,
  13798878,
  1564003050,
  2081362124,
  363304213,
  1360478499,
  775056794,
  1155465115,
  1389079342,
  1582482437,
  1642663198,
  844169939,
  181226513,
  1992865128,
  1485511804,
  1131352346,
  2124898138,
  943190495,
  1245036421,
  30387226,
  956134158,
  65120356,
  832077645,
  118993446,
  1663568111,
  78417603,
  707255825,
  44470216,
  1209379174,
  1874960596,
  1540846267,
  1396342013,
  2003980519,
  912194650,
  1069117832,
  562390279,
  185963953,
  1608959295,
  1848096107,
  1091714937,
  1281944976,
  375444584,
  2092720083,
  730199492,
  309766496,
  1702022939,
  1316505735,
  1221389873,
  1142930164,
  127052251,
  928682751,
  2089816339,
  1316953165,
  2132688302,
  1131761079,
  234262547,
  99568484,
  107939561,
  1029621931,
  1199420528,
  1295815494,
  1042517543,
  1704841123,
  1637840187,
  102524643,
  764851988,
  306851320,
  2145854098,
  110993018,
  493886463,
  1060494695,
  1508976505,
  1337856142,
  1204868098,
  307571472,
  1559382853,
  1010764797,
  2068224547,
  570840516,
  1268409912,
  1175989877,
  1704572553,
  592962932,
  959162035,
  1686518107,
  1946710049,
  33713861,
  1759592334,
  777635325,
  1591564428,
  1073781763,
  541110115,
  1457880381,
  505185185,
  2020432100,
  554602408,
  1659373349,
  384295879,
  1814634316,
  808808585,
  649022765,
  1953197930,
  1916237892,
  2054306629,
  234799752,
  1631596366,
  354367395,
  1245644428,
  487073847,
  1693485026,
  1376941062,
  1408960629,
  212295100,
  993683397,
  989230775,
  1233114544,
  263043320,
  173506518,
  456651794,
  578187134,
  1578716908,
  2000033062,
  87522686,
  1597848432,
  701539807,
  934618834,
  1244453596,
  819827984,
  1989352324,
  1336194465,
  1468519716,
  321869343,
  1460654187,
  1763360602,
  575705360,
  461273879,
  256363941,
  1940022924,
  1412017135,
  918483162,
  386753870,
  2044554163,
  2049197811,
  940472515,
  382926234,
  574682290,
  551008693,
  1435525339,
  1391927494,
  1781485213,
  1245466382,
  1974571475,
  409098738,
  1845716951,
  1010014811,
  1787189168,
  322334813,
  880492499,
  253674535,
  2115115464,
  1950148346,
  340563072,
  1438865740,
  217852623,
  680007057,
  503458793,
  2094613281,
  1279820114,
  2097657371,
  29860596,
  1594769883,
  209473567,
  1353825800,
  2141153674,
  763447433,
  96617457,
  503615949,
  919785523,
  65785292,
  478307629,
  989492335,
  523782140,
  1312313043,
  1292850339,
  634172025,
  75191653,
  992277052,
  1998562957,
  1374631287,
  1806119540,
  1953534826,
  556707205,
  192433878,
  104665169,
  466647227,
  1004011520,
  1564739221,
  245277883,
  1183912267,
  1992055382,
  713355511,
  1899542553,
  204428608,
  1904251768,
  1595371198,
  1569654968,
  1318141009,
  1711089503,
  1455371254,
  1768794057,
  251243823,
  1230674396,
  5631942,
  398068012,
  866596855,
  860144854,
  162403134,
  1138101281,
  215341973,
  1945891638,
  310273413,
  1064651899,
  1346941484,
  991505661,
  296528780,
  429363923,
  1238138000,
  216272000,
  988506952,
  285830504,
  856979759,
  1287572525,
  1758179117,
  1386214636,
  1173059560,
  1636750614,
  405201937,
  964263748,
  1182176620,
  259488863,
  421101832,
  2026478004,
  201407458,
  755526127,
  709606368,
  897534569,
  39848341,
  438485374,
  315813605,
  1624064901,
  861838989,
  824722490,
  1667250732,
  871700699,
  1597272000,
  33165457,
  1820042348,
  1530130017,
  7426169,
  1063880569,
  1179529128,
  136135018,
  1999038585,
  869921280,
  251836754,
  1656241707,
  1459834400,
  233233021,
  2122466788,
  1681545190,
  88639634,
  1443145325,
  1626870461,
  1782648142,
  963964191,
  203845520,
  512976554,
  1215387142,
  914600930,
  531900034,
  284327308,
  132629780,
  374138644,
  576279545,
  1470796522,
  1921376925,
  1825051735,
  1320634492,
  2042830296,
  791251530,
  1654844049,
  855320512,
  1335077589,
  384868448,
  2008532428,
  1268632557,
  957426576,
  1889537797,
  1767125139,
  1680687005,
  428674782,
  502390523,
  524135236,
  1410681417,
  631340353,
  1278792724,
  1049546350,
  159037710,
  2057337242,
  339335164,
  1460674641,
  2063762111,
  861746410,
  1602182790,
  2124149955,
  1571825916,
  442482781,
  511583958,
  1749757806,
  1386099901,
  1976714674,
  372315265,
  504038566,
  1115917669,
  1075259134,
};

int src1[] = {
  846930886,
  1714636915,
  424238335,
  1649760492,
  1189641421,
  1350490027,
  1102520059,
  1967513926,
  1540383426,
  1303455736,
  521595368,
  1726956429,
  861021530,
  233665123,
  468703135,
  1801979802,
  635723058,
  1125898167,
  2089018456,
  1656478042,
  1653377373,
  1914544919,
  756898537,
  1973594324,
  2038664370,
  184803526,
  1424268980,
  749241873,
  42999170,
  135497281,
  2084420925,
  1827336327,
  1159126505,
  1632621729,
  1433925857,
  84353895,
  2001100545,
  1548233367,
  1585990364,
  760313750,
  356426808,
  1889947178,
  709393584,
  1918502651,
  1474612399,
  1264095060,
  1843993368,
  1984210012,
  1749698586,
  1956297539,
  463480570,
  1975960378,
  1892066601,
  927612902,
  603570492,
  660260756,
  485560280,
  593209441,
  894429689,
  1947346619,
  270744729,
  1633108117,
  2007905771,
  822890675,
  791698927,
  498777856,
  524872353,
  1572276965,
  1703964683,
  1600028624,
  2040332871,
  1120048829,
  515530019,
  1573363368,
  2077486715,
  1631518149,
  289700723,
  168002245,
  439493451,
  1760243555,
  1622597488,
  338888228,
  438792350,
  269441500,
  116087764,
  155324914,
  1982275856,
  387346491,
  841148365,
  1760281936,
  1186452551,
  971899228,
  213975407,
  1626276121,
  2130794395,
  1884661237,
  1350573793,
  1605894428,
  1987231011,
  1784639529,
  1597322404,
  2112255763,
  1067854538,
  1782436840,
  165344818,
  532670688,
  492067917,
  680466996,
  496987743,
  1359512183,
  1398295499,
  2086206725,
  1172755590,
  243268139,
  1272469786,
  968338082,
  1820388464,
  6939507,
  1285228804,
  502278611,
  1037127828,
  654887343,
  392035568,
  87755422,
  1494613810,
  1369321801,
  396473730,
  1346811305,
  705178736,
  434248626,
  1470503465,
  552473416,
  188213258,
  1884167637,
  201305624,
  776532036,
  1273911899,
  620145550,
  619290071,
  407487131,
  7684930,
  711845894,
  937370163,
  1973387981,
  1501252996,
  1472713773,
  1662739668,
  1967681095,
  437116466,
  1176911340,
  1943327684,
  1876855542,
  1237379107,
  588219756,
  1057418418,
  1823089412,
  625032172,
  1469262009,
  298625210,
  1057467587,
  1555319301,
  476667372,
  260401255,
  774044599,
  2001229904,
  1335939811,
  1756915667,
  719346228,
  1414829150,
  555996658,
  155789224,
  1389867269,
  619054081,
  195740084,
  2006811972,
  570073850,
  1635905385,
  337739299,
  1343606042,
  446340713,
  915256190,
  846942590,
  700108581,
  1371499336,
  726371155,
  292218004,
  11614769,
  1662981776,
  246247255,
  1548348142,
  964445884,
  1520223205,
  1017679567,
  201690613,
  822262754,
  1411154259,
  282828202,
  114723506,
  1676902021,
  950390868,
  1266235189,
  1137949908,
  777210498,
  1908518808,
  364686248,
  1129033333,
  1280321648,
  1781999754,
  212251746,
  364319529,
  484238046,
  624549797,
  1886086990,
  1750003033,
  78012497,
  1671294892,
  1795519125,
  474613996,
  1315209188,
  1448703729,
  1545032460,
  861543921,
  932026304,
  828388027,
  332266748,
  31308902,
  820697697,
  1583571043,
  1395132002,
  1974806403,
  1739000681,
  669908538,
  12895151,
  1812282134,
  1380171692,
  860516127,
  1543755629,
  1455590964,
  70636429,
  1472576335,
  1329202900,
  1219407971,
  12260289,
  561717988,
  1841585795,
  733053144,
  1887658390,
  672655340,
  400000569,
  1081174232,
  1450956042,
  410409117,
  1516266761,
  1175526309,
  2002495425,
  1989806367,
  2004504234,
  1186631626,
  1717226057,
  1276673168,
  2137390358,
  696947386,
  1265204346,
  1630634994,
  1707056552,
  1297893529,
  358532290,
  1857756970,
  1426819080,
  1314218593,
  1386418627,
  318561886,
  70788355,
  1112720090,
  1106059479,
  1051858969,
  104152274,
  826047641,
  970925433,
  887077888,
  873524566,
  1541027284,
  1745790417,
  959372260,
  2137100237,
  159473059,
  1282648518,
  471990783,
  1983228458,
  993967637,
  1826620483,
  2037770478,
  1647149314,
  1152645729,
  1025533459,
  1001089438,
  2077211388,
  983631233,
  1645933681,
  553160358,
  2069110699,
  864101839,
  1190668363,
  410228794,
  773319847,
  1968217462,
  1302539390,
  235745791,
  427355115,
  1272796157,
  1280631491,
  1204462951,
  521035021,
  738393740,
  1983614030,
  1655035325,
  2004187516,
  962033002,
  1707746139,
  2073785404,
  628974580,
  786039021,
  1605539862,
  586235379,
  262692685,
  1338299904,
  1985433483,
  606199759,
  435889744,
  378469911,
  488663950,
  29777560,
  257675105,
  1392740049,
  216588711,
  151519934,
  1066077375,
  629593614,
  1959343768,
  409544918,
  927376882,
  1617876982,
  2143124030,
  1124311574,
  1421186593,
  703550253,
  1388803074,
  107734713,
  1725138377,
  1464415775,
  672032919,
  639806732,
  406011017,
  114760235,
  337745691,
  292423943,
  124666328,
  2030449291,
  1986894018,
  551836836,
  362575055,
  1022963858,
  1988714904,
  1250372661,
  483689685,
  1360613073,
  35756851,
  746349250,
  1122336503,
  659639006,
  1385414639,
  577721120,
  714880226,
  1630387677,
  1467963981,
  1814887560,
  1290127955,
  1434433518,
  1821066342,
  550245196,
  1104627321,
  1312994984,
  1763794427,
  1582152040,
  772970072,
  51245830,
  1046370347,
  1520982030,
  1089653714,
  168057522,
  1038626924,
  93189435,
  525829204,
  1312630443,
  2064945486,
  356684278,
  1626250262,
  14989683,
  1581539848,
  1981208324,
  1691449122,
  217927335,
  513937457,
  204102747,
  595311776,
  2013725218,
  207621703,
  1815209933,
  1487053959,
  932862806,
  695748720,
  279121308,
  811742698,
  1417076376,
  1891252715,
  452825171,
  1135771559,
  2025554010,
  262178224,
  1105816539,
  454333378,
  343945053,
  931489114,
  1395405989,
  992028067,
  1675575223,
  1470332231,
  1862292122,
  101323875,
  380390179,
  235202254,
  1280311131,
  1503967857,
  873199181,
  1240554603,
  476152433,
  803590181,
  209359415,
  831768825,
  2006138722,
  1785550551,
  1364090032,
  1341443181,
  1242990415,
  63299708,
  1287859999,
  309112297,
  1669475776,
  1579068977,
  1431742587,
  226723382,
  219544266,
  580508860,
  617909211,
  2033669086,
  1088590930,
  2010794583,
  632651476,
  1384095820,
  500037525,
  1351538839,
  1745897490,
  61101360,
  1326247643,
  1663080928,
  164826621,
  370917955,
  772634225,
  813274570,
  216220853,
  1867107722,
  223712350,
  1610009097,
  787689126,
  584522071,
  146533149,
  928140528,
  1449228398,
  1012836610,
  481928577,
  1238498976,
  270754552,
  1031126087,
  413360099,
  286448566,
  396377017,
  1934392735,
  1736491298,
  1476453195,
  96055805,
  1664423428,
  1849552528,
  2135019593,
  1434322197,
  1779289672,
  1528806445,
  415522325,
  332238283,
  695466127,
  1143565421,
  1375179334,
  987987334,
  12548159,
  411522957,
  953691761,
  1402492972,
  750167716,
  915711850,
  108375482,
  1738076217,
  2118801173,
  610486506,
  771476364,
  1833488263,
  1688323172,
  301373537,
  222028828,
  2078107280,
  1866355856,
  1723578341,
  849725352,
  1143195511,
  2083149517,
  190113083,
  113974112,
  1931706506,
  900104667,
  472131489,
  1337434154,
  991039875,
  987706141,
  1794292538,
  434290636,
  1444311956,
  2067062760,
  825726814,
  1998994314,
  221713886,
  1880346039,
  1978701535,
  192532621,
  2079611790,
  10150109,
  616734673,
  562395735,
  78374295,
  752704313,
  612353198,
  1450099355,
  1340157793,
  929588156,
  2138982933,
  1987323286,
  568275358,
  625040140,
  1567022181,
  14933990,
  1910210050,
  1903409954,
  1372668364,
  1987235624,
  1868423919,
  1176225844,
  1779451238,
  242474976,
  1848520019,
  990526343,
  1953161956,
  2053232475,
  403068011,
  773446912,
  1348361729,
  1321756868,
  813465002,
  1490549207,
  1396005216,
  1489692377,
  1922757472,
  1450238957,
  997276125,
  379366797,
  717293418,
  390848153,
  52775474,
  896925393,
  827385948,
  278450030,
  311269559,
  1139352160,
  530406424,
  1163384280,
  1812718902,
  895873480,
  1024027583,
  995234140,
  1891342723,
  572132557,
  597010431,
  984124220,
  1259577690,
  1105629391,
  1403938270,
  2115227667,
  836802671,
  692458743,
  1589513899,
  1146137088,
  213952386,
  695258232,
  93155710,
  1111800030,
  917609663,
  298167279,
  499429649,
  16922351,
  1015857464,
  1698487330,
  359147515,
  1987519915,
  625843881,
  415675634,
  240854387,
  1322623287,
  1456339643,
  1692786742,
  1560890244,
  1386510139,
  193552063,
  1845636353,
  819485269,
  304505404,
  837626799,
  2107654819,
  1521740435,
  245240853,
  332702450,
  67974802,
  75245562,
  1028363610,
  1260995960,
  933596911,
  1230769829,
  1005418816,
  1857300821,
  2117303605,
  418646579,
  217161528,
  129834447,
  305564045,
  2125023787,
  1651675551,
  1211721386,
  883799426,
  962764794,
  671068506,
  338346092,
  750679664,
  1777288820,
  845954166,
  312186354,
  2016408437,
  1090099484,
  1987106312,
  263419017,
  724025165,
  695991608,
  551201745,
  1947867422,
  1047196295,
  1199680559,
  839425676,
  1175446571,
  959658925,
  1198720172,
  144874089,
  473903566,
  94255812,
  99885196,
  636453333,
  79065186,
  604263370,
  1588695568,
  535286141,
  442982639,
  4744263,
  1153263590,
  1033206202,
  286791631,
  986478257,
  1650994571,
  848934683,
  1145151225,
  1541417540,
  877068972,
  1608340634,
  1390865725,
  1731190952,
  1220585472,
  73673339,
  1701475883,
  1158747661,
  922587542,
  888482339,
  2037335344,
  547407330,
  858829294,
  1518260757,
  192048860,
  1101533292,
  942581876,
  2025251990,
  627510635,
  1018041598,
  1727952741,
  1364180570,
  1170132540,
  1989200801,
  419914800,
  1154615609,
  457676440,
  1850612763,
  950881304,
  1173002606,
  2133584523,
  64564349,
  689442530,
  1114646704,
  1551291986,
  1017565625,
  1076919591,
  266222407,
  609707131,
  44804919,
  838139053,
  1339388427,
  753959819,
  464837581,
  116423768,
  700287639,
  1764892438,
  1031207394,
  707184680,
  1623804486,
  2131058752,
  1242754098,
  728149010,
  1160063179,
  1616916066,
  219994425,
  256804978,
  1603386966,
  454416748,
  568122272,
  1558581086,
  673365159,
  2033261900,
  1482841197,
  1702943003,
  703955951,
  1453048498,
  599529154,
  1308202906,
  1371570003,
  816976784,
  1085206797,
  1003463633,
  2084546560,
  461851014,
  2028720897,
  1773595097,
  1048938329,
  111691313,
  104852634,
  1343457914,
  1353668775,
  608034986,
  682736626,
  1565306616,
  546389569,
  1498387409,
  1308581515,
  25222833,
  1812247776,
  1750829613,
  360022300,
  100603786,
  888830763,
  1793256508,
  2026929416,
  1802491982,
  1638253540,
  1038828826,
  31797565,
  80329499,
  691451546,
  62299853,
  1933084303,
  1098193842,
  574596534,
  1143849810,
  2078480869,
  196095815,
  1456748696,
  1813511382,
  831099451,
  421825361,
  1731563037,
  495375861,
  1917305981,
  194064088,
  6938620,
  313823293,
  343886628,
  1390387708,
  2113556942,
  1853101996,
  1631207466,
  716898500,
  1891066487,
  129183332,
  1851445950,
  896551633,
  2011662880,
  1051402293,
  1967632854,
  95275444,
  1501830323,
  1767110751,
  1821115873,
  616716465,
  1396768681,
  1684259683,
  224048977,
  1820965014,
  636600769,
  542314107,
  353673391,
  1776088411,
  683309587,
  1999337836,
  1925473439,
  330546620,
  356228371,
  978053418,
  960188534,
  1817049764,
  1917104697,
  1089966067,
  1607500335,
  2108785490,
  566112132,
  437180529,
  1942481690,
  1137638147,
  745792349,
  981766422,
  936621968,
  1803602255,
  1262486766,
  1322710936,
  81458260,
  284665220,
  198619204,
  1992232983,
  2138078721,
  1902736997,
  309667127,
  1476492728,
  258219170,
  582972798,
  1456139563,
  1527793660,
  729568616,
  1538128223,
  1818084292,
  2067247035,
  1705632563,
  1750621862,
  1579059895,
  1562887660,
  1401422376,
  2126362173,
  1510574887,
  1815754673,
  1922018481,
  625321929,
  1815983044,
  1475952280,
  1189544209,
  242639747,
  1579952366,
  612203759,
  366831742,
  894869401,
  1810713171,
  1368062958,
  1628414422,
  628257755,
  654829090,
  612816071,
  547772603,
  1660038320,
  1243769942,
  614340012,
  1855103807,
  1145975358,
  1019382894,
  278190158,
  1973521090,
  1184622626,
  1483332973,
  553918865,
  1752143421,
  1955769409,
  1478705400,
  688852786,
  1659239833,
  95266356,
  1189914410,
  1041356631,
  1566586128,
  37623446,
  1798027458,
  1824700010,
  1488873165,
  1113331867,
  1267040926,
  1788986238,
  701943705,
  1131189562,
  2018373832,
  2059643461,
  2021449807,
  138172497,
  717032538,
  1961415139,
  1219377470,
  574620392,
  167368542,
  346502533,
  1113675743,
  333480550,
  979601485,
  1104933720,
  1572255140,
  1714710647,
  1908681983,
  825791694,
  1634296630,
  699045063,
  2143493320,
  339980538,
  364531492,
  2085308422,
  1166437685,
  40658094,
  1744161708,
  365862802,
  349121784,
  110341087,
  1559436157,
  1217038602,
  1304438548,
  955798986,
  859310840,
  995097051,
  20336956,
  2070707654,
  102194872,
  916768482,
  145376088,
  1401262337,
  1331565220,
  318333694,
  1090438014,
  1454580282,
  106242869,
  1823025015,
  419481884,
  54449299,
  138700754,
  2134113236,
  237140292,
  543906158,
  1918386023,
  1607967721,
  270617569,
  1805816260,
  481387902,
  1135386147,
  405341089,
  2074216439,
  966618017,
  1922265375,
  233614511,
  517408978,
  878777377,
  531352976,
  413892161,
  1455252833,
};

int ref[] = {
  1,
  1,
  1,
  2,
  1,
  1,
  1,
  1,
  6,
  4,
  1,
  3,
  2,
  1,
  1,
  1,
  6,
  1,
  1,
  1,
  3,
  1,
  1,
  2,
  5,
  1,
  1,
  1,
  2,
  1,
  15,
  1,
  1,
  1,
  1,
  9,
  9,
  1,
  2,
  1,
  1,
  2,
  4,
  1,
  1,
  12,
  4,
  1,
  2,
  1,
  5,
  2,
  1,
  1,
  111,
  4,
  1,
  1,
  1,
  1,
  1,
  1,
  1,
  1,
  1,
  1,
  1,
  1,
  1,
  1,
  1,
  1,
  1,
  18,
  1,
  1,
  1,
  1,
  1,
  1,
  1,
  4,
  1,
  1,
  2,
  2,
  1,
  21,
  1,
  1,
  1,
  1,
  1,
  1,
  1,
  1,
  1,
  2,
  3,
  3,
  4,
  1,
  1,
  2,
  2,
  24,
  3,
  1,
  7,
  1,
  1,
  1,
  2,
  1,
  2,
  1,
  2,
  1,
  1,
  1,
  2,
  1,
  2,
  2,
  1,
  1,
  1,
  7,
  8,
  2,
  1,
  4,
  2,
  1,
  2,
  12,
  1,
  1,
  1,
  1,
  19,
  1,
  1,
  1,
  1,
  3,
  1,
  5,
  2,
  4,
  2,
  6,
  1,
  3,
  43,
  1,
  4,
  3,
  2,
  1,
  3,
  1,
  1,
  1,
  1,
  1,
  1,
  1,
  1,
  2,
  136,
  1,
  1,
  2,
  4,
  2,
  5,
  1,
  2,
  1,
  2,
  2,
  1,
  1,
  1,
  2,
  1,
  1,
  5,
  2,
  1,
  1,
  1,
  1,
  1,
  3,
  2,
  2,
  1,
  6,
  1,
  4,
  6,
  12,
  1,
  1,
  1,
  6,
  1,
  1,
  2,
  1,
  1,
  1,
  1,
  1,
  9,
  4,
  1,
  87,
  4,
  1,
  4,
  1,
  2,
  2,
  1,
  1,
  11,
  3,
  1,
  1,
  1,
  13,
  1,
  3,
  1,
  1,
  1,
  1,
  1,
  1,
  1,
  1,
  1,
  1,
  1,
  2,
  3,
  2,
  1,
  3,
  1,
  3,
  15,
  1,
  1,
  2,
  1,
  2,
  1,
  2,
  2,
  6,
  4,
  1,
  2,
  1,
  3,
  1,
  1,
  2,
  1,
  2,
  3,
  1,
  1,
  1,
  1,
  1,
  2,
  2,
  1,
  2,
  1,
  1,
  1,
  1,
  1,
  1,
  1,
  1,
  1,
  3,
  1,
  2,
  1,
  1,
  1,
  9,
  1,
  1,
  1,
  2,
  1,
  1,
  2,
  1,
  1,
  1,
  1,
  1,
  1,
  1,
  2,
  1,
  1,
  2,
  3,
  4,
  2,
  3,
  114,
  1,
  1,
  16,
  3,
  1,
  1,
  3,
  1,
  4,
  1,
  3,
  1,
  1,
  1,
  1,
  1,
  1,
  1,
  2,
  1,
  1,
  1,
  3,
  1,
  1,
  1,
  1,
  1,
  2,
  17,
  1,
  1,
  1,
  1,
  13,
  2,
  1,
  1,
  2,
  6,
  1,
  3,
  1,
  1,
  5,
  1,
  1,
  1,
  1,
  1,
  1,
  9,
  5,
  1,
  18,
  3,
  4,
  1,
  2,
  1,
  2,
  1,
  2,
  1,
  30,
  1,
  1,
  1,
  3,
  4,
  1,
  2,
  2,
  91,
  3,
  1,
  1,
  2,
  3,
  1,
  3,
  1,
  1,
  1,
  1,
  1,
  2,
  1,
  12,
  2,
  3,
  1,
  1,
  1,
  2,
  8,
  1,
  2,
  1,
  1,
  1,
  1,
  1,
  1,
  2,
  1,
  1,
  2,
  33,
  3,
  1,
  1,
  1,
  1,
  1,
  1,
  2,
  1,
  1,
  3,
  1,
  1,
  23,
  1,
  1,
  1,
  1,
  2,
  3,
  1,
  3,
  1,
  5,
  3,
  2,
  4,
  3,
  1,
  5,
  16,
  1,
  1,
  3,
  5,
  11,
  5,
  1,
  2,
  1,
  3,
  3,
  1,
  9,
  14,
  1,
  2,
  1,
  6,
  1,
  1,
  1,
  1,
  29,
  1,
  2,
  1,
  1,
  2,
  2,
  1,
  1,
  1,
  1,
  25,
  13,
  1,
  1,
  1,
  1,
  13,
  1,
  1,
  2,
  1,
  2,
  2,
  1,
  1,
  21,
  3,
  1,
  1,
  1,
  7,
  1,
  1,
  1,
  18,
  1,
  1,
  1,
  1,
  2,
  3,
  3,
  2,
  7,
  1,
  2,
  1,
  2,
  4,
  1,
  1,
  2,
  1,
  1,
  1,
  1,
  1,
  1,
  1,
  1,
  1,
  1,
  1,
  1,
  116,
  1,
  1,
  1,
  1,
  3,
  1,
  1,
  2,
  1,
  2,
  1,
  1,
  1,
  1,
  1,
  1,
  4,
  1,
  1,
  1,
  1,
  2,
  47,
  1,
  2,
  1,
  1,
  1,
  1,
  1,
  6,
  1,
  2,
  9,
  1,
  5,
  1,
  2,
  2,
  1,
  1,
  10,
  1,
  1,
  1,
  1,
  1,
  10,
  5,
  1,
  2,
  3,
  1,
  57,
  1,
  16,
  6,
  1,
  1,
  1,
  1,
  1,
  1,
  1,
  1,
  2,
  1,
  1,
  9,
  1,
  1,
  1,
  1,
  1,
  2,
  1,
  1,
  1,
  1,
  7,
  3,
  1,
  5,
  1,
  1,
  7,
  7,
  1,
  5,
  13,
  1,
  1,
  1,
  1,
  1,
  3,
  1,
  5,
  1,
  3,
  1,
  1,
  2,
  2,
  1,
  1,
  1,
  6,
  6,
  1,
  1,
  1,
  1,
  1,
  4,
  1,
  1,
  1,
  1,
  1,
  1,
  5,
  1,
  1,
  1,
  6,
  2,
  1,
  1,
  1,
  2,
  1,
  1,
  1,
  2,
  1,
  1,
  1,
  1,
  1,
  1,
  65,
  1,
  2,
  1,
  4,
  3,
  1,
  1,
  1,
  1,
  1,
  2,
  2,
  1,
  1,
  1,
  2,
  4,
  1,
  1,
  1,
  1,
  1,
  12,
  1,
  3,
  1,
  104,
  1,
  1,
  1,
  1,
  1,
  1,
  1,
  1,
  1,
  3,
  1,
  1,
  1,
  1,
  1,
  1,
  1,
  1,
  3,
  1,
  2,
  40,
  2,
  2,
  3,
  5,
  1,
  2,
  7,
  2,
  1,
  1,
  1,
  2,
  3,
  1,
  3,
  1,
  1,
  1,
  1,
  1,
  3,
  1,
  9,
  1,
  5,
  3,
  1,
  1,
  1,
  1,
  1,
  2,
  5,
  1,
  2,
  12,
  1,
  1,
  109,
  9,
  4,
  39,
  2,
  2,
  3,
  4,
  1,
  1,
  4,
  2,
  1,
  1,
  2,
  1,
  1,
  2,
  6,
  1,
  1,
  1,
  8,
  2,
  1,
  1,
  3,
  3,
  1,
  8,
  1,
  1,
  12,
  1,
  2,
  2,
  1,
  23,
  1,
  2,
  10,
  1,
  1,
  1,
  1,
  2,
  1,
  3,
  1,
  1,
  1,
  1,
  1,
  1,
  4529,
  1,
  1,
  1,
  1,
  1,
  1,
  1,
  1,
  1,
  2,
  1,
  1,
  1,
  1,
  7,
  9,
  3,
  1,
  1,
  1,
  13,
  4,
  1,
  3,
  1,
  1,
  76,
  1,
  3,
  1,
  1,
  1,
  2,
  1,
  1,
  1,
  1,
  1,
  1,
  2,
  1,
  1,
  2,
  1,
  2,
  8,
  1,
  1,
  1,
  9,
  3,
  4,
  2,
  1,
  1,
  2,
  1,
  1,
  1,
  3,
  3,
  1,
  1,
  1,
  1,
  1,
  80,
  2,
  4,
  1,
  1,
  1,
  1,
  2,
  2,
  1,
  1,
  49,
  1,
  1,
  2,
  1,
  2,
  1,
  3,
  1,
  1,
  2,
  5,
  3,
  1,
  2,
  6,
  1,
  2,
  1,
  1,
  13,
  1,
  1,
  1,
  2,
  1,
  6,
  13,
  1,
  50,
  1,
  4,
  10,
  1,
  1,
  1,
  2,
  3,
  40,
  2,
  2,
  2,
  1,
  2,
  4,
  2,
  1,
  1,
  1,
  13,
  4,
  6,
  10,
  9,
  4,
  1,
  8,
  14,
  3,
  1,
  1,
  1,
  1,
  6,
  1,
  1,
  1,
  1,
  2,
  46,
  6,
  2,
  1,
  1,
  1,
  10,
  6,
  3,
  1,
  1,
  1,
  3,
  1,
  2,
  1,
  2,
  1,
  1,
};

